11111 郑鹏举 11111 61 1.0
11112 蚊冥点 11111 6 1.0
11113 针艾蜂 11111 24 1.5
11114 淳鹿人 11111 0 1.5
11115 鸡脚 11111 20 2.0
11116 小黑子 11111 0 2.0
11117 梅狸猫 11111 6 2.5
11118 荔枝 11111 0 2.5
11119 真正鳗 11111 12 3.0
11120 练习生 11111 0 3.0
11121 嚎哮马 11111 12 3.5
11122 醉嚎狮 11111 0 3.5
11123 两年半 11111 32 4.0
11124 瘦狗 11111 0 4.0
11125 早报鹰 11111 34 4.5
11126 珍乌鱼 11111 0 4.5
11127 没角羊 11111 12 5.0
11128 狮豹者 11111 0 5.0
11129 仁冥蟒 11111 12 5.5
11130 制作人 11111 0 5.5
11131 食泥鸭 11112 174 6.0
11132 包子 11111 208 6.0
111111 dsfg wgetr 23 3
